0 0.667969 0.167593 0.0182292 0.0648148 0.010487
0 0.610937 0.206019 0.0197917 0.0472222 0.0106108
0 0.88125 0.746759 0.04375 0.102778 0.0112132
0 0.533854 0.356481 0.0291667 0.0814815 0.0115722
0 0.55 0.308333 0.0333333 0.0703704 0.0119036
0 0.759896 0.289815 0.028125 0.0888889 0.0133216
0 0.461458 0.322222 0.021875 0.116667 0.0148884
0 0.989323 0.83287 0.0203125 0.180556 0.0152422
0 0.713802 0.275463 0.0296875 0.087963 0.015473
0 0.00703125 0.553704 0.0140625 0.107407 0.0164397
0 0.0104167 0.53287 0.0208333 0.165741 0.0165985
0 0.902865 0.661111 0.0411458 0.109259 0.0169795
0 0.790885 0.230556 0.0244792 0.0703704 0.0171338
0 0.71276 0.200463 0.0244792 0.0657407 0.0196075
0 0.947135 0.687963 0.0588542 0.222222 0.0212804
0 0.605208 0.250463 0.03125 0.0694444 0.0245247
0 0.494531 0.371759 0.0234375 0.136111 0.0309484
0 0.602083 0.329167 0.0302083 0.108333 0.0316796
0 0.676302 0.262037 0.0265625 0.0833333 0.0335569
0 0.00625 0.612037 0.0125 0.153704 0.0345988
0 0.0184896 0.587963 0.0359375 0.218519 0.0380818
0 0.771094 0.397222 0.0296875 0.207407 0.0403993
0 0.819531 0.754167 0.0588542 0.289815 0.0416981
0 0.572135 0.309259 0.0213542 0.0833333 0.0447876
0 0.439844 0.452778 0.0338542 0.15 0.059325
0 0.923698 0.742593 0.0692708 0.144444 0.0615206
0 0.463021 0.464815 0.0270833 0.172222 0.0701645
0 0.638542 0.24537 0.0322917 0.0925926 0.0838011
0 0.439323 0.688426 0.0713542 0.343519 0.0951871
0 0.657552 0.356019 0.0276042 0.187963 0.0994671
0 0.478646 0.444444 0.0333333 0.212963 0.130514
0 0.523177 0.400926 0.0442708 0.12963 0.139092
0 0.879427 0.838426 0.0484375 0.282407 0.139191
0 0.558333 0.409722 0.034375 0.200926 0.148605
0 0.707292 0.451852 0.0520833 0.124074 0.156987
0 0.841667 0.852778 0.0427083 0.212963 0.175327
0 0.572135 0.571296 0.0526042 0.168519 0.176691
0 0.703906 0.360185 0.0348958 0.131481 0.181229
0 0.5875 0.386574 0.0375 0.128704 0.19607
0 0.0117188 0.706944 0.0234375 0.358333 0.219209
0 0.87526 0.459259 0.0442708 0.233333 0.237008
0 0.79349 0.420833 0.0432292 0.258333 0.239262
0 0.675521 0.408796 0.0291667 0.212037 0.254755
0 0.630208 0.344444 0.0364583 0.175926 0.255262
0 0.583073 0.476852 0.0453125 0.153704 0.262642
0 0.159375 0.906018 0.0833333 0.184259 0.274159
0 0.753385 0.560648 0.0598958 0.176852 0.319853
0 0.917188 0.831481 0.084375 0.32037 0.32228
0 0.735417 0.389815 0.0395833 0.224074 0.328136
0 0.634635 0.463426 0.0536458 0.15463 0.350658
0 0.526563 0.497685 0.0385417 0.186111 0.354472
0 0.765885 0.773148 0.0640625 0.388889 0.371919
0 0.815104 0.508796 0.0552083 0.208333 0.45113
0 0.550521 0.704167 0.0697917 0.325 0.615328
0 0.44974 0.777778 0.0557292 0.327778 0.626583
0 0.634115 0.584722 0.0567708 0.221296 0.633314
0 0.0723958 0.821296 0.084375 0.351852 0.638295
0 0.501562 0.699537 0.0552083 0.328704 0.673204
0 0.70026 0.582407 0.0651042 0.296296 0.692157
0 0.610937 0.810185 0.108333 0.374074 0.797455
0 0.719531 0.821296 0.0973958 0.353704 0.803138
0 0.132812 0.69537 0.0625 0.340741 0.814415
